####### system A #########
selectivity: 4.117175773254496
Regenerability: 0.5628164815833466
ZinCO2: 3000.0
ZadsCO2: 3000.0
ZinCH4: 3000.0
ZadsCH4: 728.6548268082798
ZpurgeCH4: 1311.55055524996
ZproductCH4: 959.7946179417601
FproductCH4: 15.996576965696
***
Column length: 12.481795497214666
Fi required to obtain 100F CH4: 625.1337408899784

####### system B case I #########
 *** column B1 *** 
selectivity: 39.9313574331987
Regenerability: 1.0
ZinCO2: 3000.0
ZadsCO2: 2872.6003455508658
ZslippedCO2: 127.39965444913396
ZinCH4: 3000.0
ZadsCH4: 71.93845965182747
ZpurgeCH4: 0.0
 *** column B2 *** 
selectivity: 0.23272943330808768
Regenerability: -1.1859699008089775
ZmidCO2: 127.39965444913395
ZadsCO2: 127.39965444913395
ZmidCH4: 2928.061540348173
ZadsCH4: 547.4153081466152
ZpurgeCH4: 278.4918099992713
ZproductCH4: 2102.154422202286
FproductCH4: 35.035907036704764
***
Column length B1: 4.054768326304938
Column length B2: 1.2132978021194938
L_B2 / L_B1: 0.29922740449764673
Fi required to obtain 100F CH4: 285.4214674540514

####### system B case I #########
 *** column B1 *** 
selectivity: 39.9313574331987
Regenerability: 1.0
ZinCO2: 3000.0
ZadsCO2: 2361.298540996883
ZslippedCO2: 127.39965444913396
ZinCH4: 3000.0
ZadsCH4: 59.133941162584
ZpurgeCH4: 0.0
 *** column B2 *** 
selectivity: 4.117175773254496
Regenerability: 0.5628164815833466
ZmidCO2: 638.7014590031173
ZadsCO2: 638.7014590031173
ZmidCH4: 2940.8660588374164
ZadsCH4: 155.13096699737068
ZpurgeCH4: 279.2297510648327
ZproductCH4: 2506.5053407752125
FproductCH4: 41.77508901292021
***
Column length B1: 2.7953598117953486
Column length B2: 1.0175678857260986
L_B2 / L_B1: 0.364020360252856
Fi required to obtain 100F CH4: 239.37710813511845

 *** relative to system A *** 
 case I 
L_B1: 0.3248545713803568
L_B2: 0.09720539023333968
total: 0.42205996161369647
down percentage of length: 57.79400383863036
down percentage of feed: 54.342335282093714

 case II 
L_B1: 0.22395494401579788
L_B2: 0.08152415940103895
total: 0.3054791034168368
down percentage of length: 69.45208965831632
down percentage of feed: 61.70785665890843
