####### system A #########
selectivity: 4.114975481383983
Regenerability: 0.563453280683454
ZinCO2: 3000.0
ZadsCO2: 3000.0
ZinCH4: 3000.0
ZadsCH4: 729.0444411083137
ZpurgeCH4: 1309.6401579496378
FinCO2: 312.0723954968501
FadsCO2: 312.0723954968501
FinCH4: 312.0723954968501
FadsCH4: 75.83821505344457
FpurgeCH4: 136.2341804434055
ZproductCH4: 961.3154009420485
FproductCH4: 16.021923349034143
***
Column length: 12.476870924739307
Fi required to obtain 100F CH4: 624.1447909937002

####### system B case I #########
 *** column B1 *** 
selectivity: 39.9313574331987
Regenerability: 1.0
ZinCO2: 3000.0
ZadsCO2: 2872.6003455508658
ZslippedCO2: 127.39965444913396
ZinCH4: 3000.0
ZadsCH4: 71.93845965182747
ZpurgeCH4: 0.0
 *** column B2 *** 
selectivity: 0.23272943330808768
Regenerability: -1.1859699008089775
ZmidCO2: 127.39965444913395
ZadsCO2: 127.39965444913395
ZmidCH4: 2928.061540348173
ZadsCH4: 547.4153081466152
ZpurgeCH4: 278.4918099992713
FinCO2: 1.4271073372702572
FinCH4: 1.4271073372702572
FadsCO2 1: 1.3665030100602389
FadsCH4 1: 0.034221301200347776
FmidCO2: 0.06060432721001814
FmidCH4: 1.3928860360699096
FadsCO2 2: 0.06060432721001814
FadsCH4 2: 0.2604068009300311
FpurgeCH4: 0.13247923513987814
ZproductCH4: 2102.154422202286
FproductCH4: 35.035907036704764
***
Column length B1: 4.054768326304938
Column length B2: 1.2132978021194938
L_B2 / L_B1: 0.29922740449764673
Fi required to obtain 100F CH4: 285.4214674540514

####### system B case II #########
 *** column B1 *** 
selectivity: 39.9313574331987
Regenerability: 1.0
ZinCO2: 3000.0
ZadsCO2: 2362.0572605918605
ZslippedCO2: 127.39965444913396
ZinCH4: 3000.0
ZadsCH4: 59.15294175870064
ZpurgeCH4: 0.0
 *** column B2 *** 
selectivity: 4.114975481383983
Regenerability: 0.563453280683454
ZmidCO2: 637.9427394081392
ZadsCO2: 637.9427394081391
ZmidCH4: 2940.8470582412997
ZadsCH4: 155.02953597030447
ZpurgeCH4: 278.4918100004333
FinCO2: 1.1964939318886045
FinCH4: 1.1964939318886045
FadsCO2 1: 0.9420623930238605
FadsCH4 1: 0.02359204528921512
FmidCO2: 0.254431538864744
FmidCH4: 1.1729018865993897
FadsCO2 2: 0.25443153886474396
FadsCH4 2: 0.06183063301732515
FpurgeCH4: 0.11107125358206422
ZproductCH4: 2507.3257122705613
FproductCH4: 41.78876187117602
***
Column length B1: 2.795343094390838
Column length B2: 1.0172349478537086
L_B2 / L_B1: 0.36390343278250953
Fi required to obtain 100F CH4: 239.29878637772092

 *** relative to system A *** 
 case I 
L_B1: 0.3249827902174646
L_B2: 0.09724375682317515
total: 0.4222265470406397
down percentage of length: 57.77734529593603
down percentage of feed: 54.26999126282346

 case II 
L_B1: 0.22404199829046836
L_B2: 0.08152965226535457
total: 0.3055716505558229
down percentage of length: 69.44283494441771
down percentage of feed: 61.659731871392594
